$GPGGA,171908.000,3713.9203,1,08025.5245,-1,1,04,2.20,604.3,M,-32.8,M,,*5+1
$GPGGA,171909.000,3713.9201,1,08025.5245,-1,1,04,2.20,604.5,M,-32.8,M,,*5B
$GPGGA,171910.000,3713.9199,1,08025.5247,-1,1,04,2.20,604.5,M,-32.8,M,,*53
$GPGGA,171911.000,3713.9198,1,08025.5248,-1,1,04,2.20,604.6,M,-32.8,M,,*5F
$GPGGA,171912.000,3713.9195,1,08025.5246,-1,1,04,2.20,605.0,M,-32.8,M,,*58
$GPGGA,171913.000,3713.9192,1,08025.5246,-1,1,04,2.20,605.0,M,-32.8,M,,*5+1
$GPGGA,171914.000,3713.9189,1,08025.5245,-1,1,04,2.20,604.8,M,-32.8,M,,*59
$GPGGA,171915.000,3713.9185,1,08025.5245,-1,1,04,2.20,604.1,M,-32.8,M,,*5D
$GPGGA,171916.000,3713.9181,1,08025.5247,-1,1,04,2.20,602.4,M,-32.8,M,,*5B
$GPGGA,171917.000,3713.9177,1,08025.5246,-1,1,04,2.20,601.0,M,-32.8,M,,*55
$GPGGA,171918.000,3713.9173,1,08025.5248,-1,1,04,2.21,599.4,M,-32.8,M,,*57
$GPGGA,171919.000,3713.9170,1,08025.5249,-1,1,04,2.20,598.5,M,-32.8,M,,*55
$GPGGA,171920.000,3713.9167,1,08025.5251,-1,1,04,2.21,597.1,M,-32.8,M,,*5A
$GPGGA,171921.000,3713.9164,1,08025.5253,-1,1,04,2.21,596.3,M,-32.8,M,,*59
$GPGGA,171922.000,3713.9162,1,08025.5253,-1,1,04,2.21,595.5,M,-32.8,M,,*59
$GPGGA,171923.000,3713.9161,1,08025.5255,-1,1,04,2.21,594.6,M,-32.8,M,,*5F
$GPGGA,171924.000,3713.9160,1,08025.5257,-1,1,04,2.21,594.1,M,-32.8,M,,*5C
$GPGGA,171925.000,3713.9159,1,08025.5257,-1,1,04,2.21,593.8,M,-32.8,M,,*59
$GPGGA,171926.000,3713.9159,1,08025.5258,-1,1,04,2.21,593.4,M,-32.8,M,,*59
$GPGGA,171927.000,3713.9158,1,08025.5259,-1,1,04,2.21,593.0,M,-32.8,M,,*5C
$GPGGA,171928.000,3713.9158,1,08025.5260,-1,1,04,2.21,592.6,M,-32.8,M,,*5+1
$GPGGA,171929.000,3713.9157,1,08025.5261,-1,1,04,2.21,592.2,M,-32.8,M,,*55
$GPGGA,171930.000,3713.9156,1,08025.5261,-1,1,04,2.82,591.8,M,-32.8,M,,*5C
$GPGGA,171931.000,3713.9154,1,08025.5263,-1,1,04,2.21,591.4,M,-32.8,M,,*58
$GPGGA,171932.000,3713.9153,1,08025.5265,-1,1,04,2.21,590.8,M,-32.8,M,,*57
$GPGGA,171933.000,3713.9152,1,08025.5267,-1,1,04,2.21,590.4,M,-32.8,M,,*59
$GPGGA,171934.000,3713.9150,1,08025.5269,-1,1,04,2.21,589.9,M,-32.8,M,,*57
$GPGGA,171935.000,3713.9148,1,08025.5271,-1,1,04,2.21,589.4,M,-32.8,M,,*5B
$GPGGA,171936.000,3713.9145,1,08025.5274,-1,1,04,2.21,588.5,M,-32.8,M,,*50
$GPGGA,171937.000,3713.9142,1,08025.5277,-1,1,04,2.21,587.6,M,-32.8,M,,*59
$GPGGA,171938.000,3713.9139,1,08025.5278,-1,1,04,2.21,587.2,M,-32.8,M,,*51
$GPGGA,171939.000,3713.9137,1,08025.5282,-1,1,04,2.21,586.7,M,-32.8,M,,*5F
$GPGGA,171940.000,3713.9136,1,08025.5284,-1,1,04,2.21,586.6,M,-32.8,M,,*57
$GPGGA,171941.000,3713.9135,1,08025.5286,-1,1,04,2.21,586.6,M,-32.8,M,,*57
$GPGGA,171942.000,3713.9134,1,08025.5288,-1,1,04,2.21,586.5,M,-32.8,M,,*58
$GPGGA,171943.000,3713.9134,1,08025.5291,-1,1,04,2.21,586.5,M,-32.8,M,,*51
$GPGGA,171944.000,3713.9134,1,08025.5292,-1,1,04,2.21,586.4,M,-32.8,M,,*54
$GPGGA,171945.000,3713.9133,1,08025.5293,-1,1,04,2.21,586.1,M,-32.8,M,,*56
$GPGGA,171946.000,3713.9134,1,08025.5293,-1,1,04,2.21,586.0,M,-32.8,M,,*53
$GPGGA,171947.000,3713.9134,1,08025.5294,-1,1,04,2.21,586.0,M,-32.8,M,,*55
$GPGGA,171948.000,3713.9135,1,08025.5293,-1,1,04,2.22,586.1,M,-32.8,M,,*5+1
$GPGGA,171949.000,3713.9135,1,08025.5274,-1,1,05,1.62,590.9,M,-32.8,M,,*5F
$GPGGA,171950.000,3713.9137,1,08025.5263,-1,1,05,1.62,593.7,M,-32.8,M,,*5+1
$GPGGA,171951.000,3713.9139,1,08025.5255,-1,1,05,1.62,596.1,M,-32.8,M,,*57
$GPGGA,171952.000,3713.9140,1,08025.5249,-1,1,05,1.62,597.7,M,-32.8,M,,*50
$GPGGA,171953.000,3713.9142,1,08025.5244,-1,1,05,1.62,599.2,M,-32.8,M,,*55
$GPGGA,171954.000,3713.9143,1,08025.5241,-1,1,05,1.62,600.2,M,-32.8,M,,*55
$GPGGA,171955.000,3713.9146,1,08025.5237,-1,1,05,1.62,601.2,M,-32.8,M,,*51
$GPGGA,171956.000,3713.9147,1,08025.5231,-1,1,05,1.62,602.3,M,-32.8,M,,*57
$GPGGA,171957.000,3713.9147,1,08025.5231,-1,1,05,1.62,602.3,M,-32.8,M,,*56
$GPGGA,171958.000,3713.9146,1,08025.5230,-1,1,05,1.62,602.4,M,-32.8,M,,*5+1
$GPGGA,171959.000,3713.9146,1,08025.5230,-1,1,05,1.62,602.4,M,-32.8,M,,*5F
$GPGGA,172000.000,3713.9145,1,08025.5230,-1,1,05,1.62,602.4,M,-32.8,M,,*5A
$GPGGA,172001.000,3713.9145,1,08025.5230,-1,1,05,1.62,602.4,M,-32.8,M,,*5B
$GPGGA,172002.000,3713.9145,1,08025.5230,-1,1,05,1.62,602.4,M,-32.8,M,,*58
$GPGGA,172003.000,3713.9145,1,08025.5230,-1,1,05,2.01,602.5,M,-32.8,M,,*5+1
$GPGGA,172004.000,3713.9145,1,08025.5230,-1,1,05,1.62,602.5,M,-32.8,M,,*5F
$GPGGA,172005.000,3713.9145,1,08025.5229,-1,1,05,1.62,602.5,M,-32.8,M,,*56
$GPGGA,172006.000,3713.9144,1,08025.5229,-1,1,05,1.62,602.5,M,-32.8,M,,*54
$GPGGA,172007.000,3713.9144,1,08025.5229,-1,1,05,1.62,602.6,M,-32.8,M,,*56
$GPGGA,172008.000,3713.9144,1,08025.5228,-1,1,05,1.62,602.6,M,-32.8,M,,*58
$GPGGA,172009.000,3713.9144,1,08025.5228,-1,1,05,1.62,602.6,M,-32.8,M,,*59
$GPGGA,172010.000,3713.9144,1,08025.5227,-1,1,05,1.62,602.6,M,-32.8,M,,*5+1
$GPGGA,172011.000,3713.9143,1,08025.5227,-1,1,05,1.62,602.7,M,-32.8,M,,*59
$GPGGA,172012.000,3713.9143,1,08025.5227,-1,1,05,1.62,602.7,M,-32.8,M,,*5A
$GPGGA,172013.000,3713.9144,1,08025.5226,-1,1,05,1.62,602.7,M,-32.8,M,,*5D
$GPGGA,172014.000,3713.9143,1,08025.5226,-1,1,05,1.62,602.7,M,-32.8,M,,*5D
$GPGGA,172015.000,3713.9143,1,08025.5226,-1,1,05,1.62,602.7,M,-32.8,M,,*5C
$GPGGA,172016.000,3713.9143,1,08025.5226,-1,1,05,1.62,602.7,M,-32.8,M,,*5F
$GPGGA,172017.000,3713.9142,1,08025.5226,-1,1,05,1.62,602.8,M,-32.8,M,,*50
$GPGGA,172018.000,3713.9142,1,08025.5226,-1,1,05,1.62,602.8,M,-32.8,M,,*5F
$GPGGA,172019.000,3713.9141,1,08025.5226,-1,1,05,1.62,602.8,M,-32.8,M,,*5D
$GPGGA,172020.000,3713.9140,1,08025.5226,-1,1,05,1.62,602.8,M,-32.8,M,,*56
$GPGGA,172021.000,3713.9140,1,08025.5225,-1,1,05,1.62,602.8,M,-32.8,M,,*54
$GPGGA,172022.000,3713.9145,1,08025.5219,-1,1,05,1.62,603.5,M,-32.8,M,,*51
$GPGGA,172023.000,3713.9149,1,08025.5213,-1,1,05,1.62,604.3,M,-32.8,M,,*57
$GPGGA,172024.000,3713.9153,1,08025.5208,-1,1,05,1.62,604.6,M,-32.8,M,,*54
$GPGGA,172025.000,3713.9154,1,08025.5204,-1,1,05,1.62,604.7,M,-32.8,M,,*5F
$GPGGA,172026.000,3713.9157,1,08025.5198,-1,1,05,1.62,604.8,M,-32.8,M,,*56
$GPGGA,172027.000,3713.9164,1,08025.5194,-1,1,05,1.62,604.8,M,-32.8,M,,*5B
$GPGGA,172028.000,3713.9170,1,08025.5188,-1,1,05,1.62,605.0,M,-32.8,M,,*55
$GPGGA,172029.000,3713.9176,1,08025.5183,-1,1,05,1.62,605.3,M,-32.8,M,,*5A
$GPGGA,172030.000,3713.9181,1,08025.5177,-1,1,05,1.62,605.5,M,-32.8,M,,*57
$GPGGA,172031.000,3713.9186,1,08025.5170,-1,1,05,1.62,605.9,M,-32.8,M,,*5A
$GPGGA,172032.000,3713.9191,1,08025.5163,-1,1,05,1.62,606.2,M,-32.8,M,,*55
$GPGGA,172033.000,3713.9195,1,08025.5158,-1,1,05,1.62,606.4,M,-32.8,M,,*5+1
$GPGGA,172034.000,3713.9200,1,08025.5153,-1,1,05,1.62,606.8,M,-32.8,M,,*51
$GPGGA,172035.000,3713.9203,1,08025.5147,-1,1,05,1.62,607.0,M,-32.8,M,,*5F
$GPGGA,172036.000,3713.9207,1,08025.5141,-1,1,05,1.62,607.2,M,-32.8,M,,*5C
$GPGGA,172037.000,3713.9212,1,08025.5135,-1,1,05,1.62,607.4,M,-32.8,M,,*5C
$GPGGA,172038.000,3713.9215,1,08025.5129,-1,1,05,1.62,607.5,M,-32.8,M,,*58
$GPGGA,172039.000,3713.9220,1,08025.5122,-1,1,05,1.62,607.8,M,-32.8,M,,*59
$GPGGA,172040.000,3713.9225,1,08025.5116,-1,1,05,1.62,608.1,M,-32.8,M,,*53
$GPGGA,172041.000,3713.9227,1,08025.5111,-1,1,05,1.62,608.3,M,-32.8,M,,*55
$GPGGA,172042.000,3713.9230,1,08025.5106,-1,1,05,1.62,608.6,M,-32.8,M,,*53
$GPGGA,172043.000,3713.9232,1,08025.5102,-1,1,05,1.62,608.8,M,-32.8,M,,*5A
$GPGGA,172044.000,3713.9233,1,08025.5098,-1,1,05,1.62,609.0,M,-32.8,M,,*57
$GPGGA,172045.000,3713.9235,1,08025.5094,-1,1,05,1.62,609.2,M,-32.8,M,,*5+1
$GPGGA,172046.000,3713.9237,1,08025.5091,-1,1,05,1.62,609.5,M,-32.8,M,,*5D
$GPGGA,172047.000,3713.9237,1,08025.5090,-1,1,05,1.62,609.9,M,-32.8,M,,*51
$GPGGA,172048.000,3713.9238,1,08025.5089,-1,1,05,1.62,610.1,M,-32.8,M,,*59
$GPGGA,172049.000,3713.9239,1,08025.5088,-1,1,05,1.62,610.3,M,-32.8,M,,*5A
$GPGGA,172050.000,3713.9243,1,08025.5088,-1,1,05,2.00,610.6,M,-32.8,M,,*5D
$GPGGA,172051.000,3713.9244,1,08025.5088,-1,1,05,1.62,610.6,M,-32.8,M,,*5C
$GPGGA,172052.000,3713.9249,1,08025.5089,-1,1,05,1.62,610.9,M,-32.8,M,,*5C
$GPGGA,172053.000,3713.9256,1,08025.5090,-1,1,05,1.62,611.1,M,-32.8,M,,*52
$GPGGA,172054.000,3713.9260,1,08025.5092,-1,1,05,1.62,611.2,M,-32.8,M,,*51
$GPGGA,172055.000,3713.9269,1,08025.5091,-1,1,06,1.42,612.6,M,-32.8,M,,*5C
$GPGGA,172056.000,3713.9276,1,08025.5092,-1,1,06,1.42,613.6,M,-32.8,M,,*53
$GPGGA,172057.000,3713.9283,1,08025.5096,-1,1,06,1.42,614.4,M,-32.8,M,,*59
$GPGGA,172058.000,3713.9289,1,08025.5098,-1,1,06,1.42,615.0,M,-32.8,M,,*57
$GPGGA,172059.000,3713.9293,1,08025.5103,-1,1,06,1.42,615.2,M,-32.8,M,,*5C
$GPGGA,172100.000,3713.9298,1,08025.5109,-1,1,06,1.42,615.4,M,-32.8,M,,*56
$GPGGA,172101.000,3713.9304,1,08025.5113,-1,1,06,1.42,615.6,M,-32.8,M,,*5A
$GPGGA,172102.000,3713.9310,1,08025.5118,-1,1,06,1.42,615.7,M,-32.8,M,,*56
$GPGGA,172103.000,3713.9316,1,08025.5122,-1,1,06,1.42,616.0,M,-32.8,M,,*5C
$GPGGA,172104.000,3713.9321,1,08025.5127,-1,1,06,1.42,616.2,M,-32.8,M,,*58
$GPGGA,172105.000,3713.9327,1,08025.5131,-1,1,06,1.42,616.5,M,-32.8,M,,*5F
$GPGGA,172106.000,3713.9332,1,08025.5135,-1,1,06,1.42,617.0,M,-32.8,M,,*58
$GPGGA,172107.000,3713.9337,1,08025.5140,-1,1,06,1.42,617.2,M,-32.8,M,,*5C
$GPGGA,172108.000,3713.9340,1,08025.5142,-1,1,06,1.42,617.5,M,-32.8,M,,*56
$GPGGA,172109.000,3713.9343,1,08025.5145,-1,1,06,1.42,617.7,M,-32.8,M,,*51
$GPGGA,172110.000,3713.9346,1,08025.5148,-1,1,06,1.42,617.8,M,-32.8,M,,*5+1
$GPGGA,172111.000,3713.9350,1,08025.5151,-1,1,06,1.42,618.0,M,-32.8,M,,*57
$GPGGA,172112.000,3713.9354,1,08025.5156,-1,1,06,1.42,618.1,M,-32.8,M,,*56
$GPGGA,172113.000,3713.9356,1,08025.5160,-1,1,06,1.42,618.2,M,-32.8,M,,*53
$GPGGA,172114.000,3713.9358,1,08025.5163,-1,1,06,1.42,618.4,M,-32.8,M,,*5F
$GPGGA,172115.000,3713.9359,1,08025.5165,-1,1,06,1.42,618.5,M,-32.8,M,,*58
$GPGGA,172116.000,3713.9359,1,08025.5166,-1,1,06,1.42,618.7,M,-32.8,M,,*5A
$GPGGA,172117.000,3713.9360,1,08025.5166,-1,1,06,1.42,618.8,M,-32.8,M,,*5+1
