$GPGGA,193304.000,3713.9277,1,08025.5282,-1,1,06,1.31,609.2,M,-32.8,M,,*51,,,,,
$GPGGA,193305.000,3713.9277,1,08025.5282,-1,1,06,1.31,609.2,M,-32.8,M,,*50,,,,,
$GPGGA,193306.000,3713.9277,1,08025.5282,-1,1,06,1.31,609.2,M,-32.8,M,,*53,,,,,
$GPGGA,193307.000,3713.9277,1,08025.5282,-1,1,06,1.31,609.2,M,-32.8,M,,*52,,,,,
$GPGGA,193308.000,3713.9277,1,08025.5282,-1,1,06,1.31,609.2,M,-32.8,M,,*5D,,,,,
$GPGGA,193309.000,3713.9278,1,08025.5282,-1,1,06,1.31,609.2,M,-32.8,M,,*53,,,,,
$GPGGA,193310.000,3713.9278,1,08025.5282,-1,1,06,1.31,609.2,M,-32.8,M,,*5B,,,,,
$GPGGA,193311.000,3713.9278,1,08025.5282,-1,1,06,1.31,609.2,M,-32.8,M,,*5A,,,,,
$GPGGA,193312.000,3713.9278,1,08025.5282,-1,1,06,1.31,609.2,M,-32.8,M,,*59,,,,,
$GPGGA,193313.000,3713.9278,1,08025.5282,-1,1,06,1.31,609.2,M,-32.8,M,,*58,,,,,
$GPGGA,193314.000,3713.9278,1,08025.5282,-1,1,06,1.31,609.2,M,-32.8,M,,*5F,,,,,
$GPGGA,193315.000,3713.9278,1,08025.5282,-1,1,06,1.31,609.2,M,-32.8,M,,*5+1,,,,,
$GPGGA,193316.000,3713.9278,1,08025.5282,-1,1,06,1.31,609.2,M,-32.8,M,,*5D,,,,,
$GPGGA,193317.000,3713.9278,1,08025.5282,-1,1,06,1.31,609.2,M,-32.8,M,,*5C,,,,,
$GPGGA,193318.000,3713.9280,1,08025.5279,-1,1,06,1.24,609.3,M,-32.8,M,,*55,,,,,
$GPGGA,193319.000,3713.9283,1,08025.5273,-1,1,06,1.24,609.4,M,-32.8,M,,*5A,,,,,
$GPGGA,193320.000,3713.9287,1,08025.5267,-1,1,06,1.24,609.4,M,-32.8,M,,*51,,,,,
$GPGGA,193321.000,3713.9290,1,08025.5261,-1,1,06,1.24,609.5,M,-32.8,M,,*51,,,,,
$GPGGA,193322.000,3713.9294,1,08025.5256,-1,1,06,1.24,609.6,M,-32.8,M,,*51,,,,,
$GPGGA,193323.000,3713.9298,1,08025.5251,-1,1,06,1.24,609.7,M,-32.8,M,,*5A,,,,,
$GPGGA,193324.000,3713.9302,1,08025.5245,-1,1,06,1.24,609.8,M,-32.8,M,,*55,,,,,
$GPGGA,193325.000,3713.9305,1,08025.5238,-1,1,06,1.24,609.9,M,-32.8,M,,*58,,,,,
$GPGGA,193326.000,3713.9308,1,08025.5231,-1,1,06,1.24,610.0,M,-32.8,M,,*5+1,,,,,
$GPGGA,193327.000,3713.9312,1,08025.5224,-1,1,06,1.24,610.2,M,-32.8,M,,*52,,,,,
$GPGGA,193328.000,3713.9316,1,08025.5217,-1,1,06,1.24,610.3,M,-32.8,M,,*58,,,,,
$GPGGA,193329.000,3713.9319,1,08025.5210,-1,1,06,1.24,610.5,M,-32.8,M,,*57,,,,,
$GPGGA,193330.000,3713.9322,1,08025.5203,-1,1,06,1.24,610.6,M,-32.8,M,,*56,,,,,
$GPGGA,193331.000,3713.9325,1,08025.5195,-1,1,06,1.24,610.7,M,-32.8,M,,*5D,,,,,
$GPGGA,193332.000,3713.9328,1,08025.5188,-1,1,06,1.24,610.9,M,-32.8,M,,*51,,,,,
$GPGGA,193333.000,3713.9331,1,08025.5180,-1,1,06,1.24,611.0,M,-32.8,M,,*58,,,,,
$GPGGA,193334.000,3713.9334,1,08025.5173,-1,1,06,1.24,611.2,M,-32.8,M,,*54,,,,,
$GPGGA,193335.000,3713.9338,1,08025.5165,-1,1,06,1.24,611.2,M,-32.8,M,,*5+1,,,,,
$GPGGA,193336.000,3713.9342,1,08025.5158,-1,1,06,1.24,611.3,M,-32.8,M,,*5F,,,,,
$GPGGA,193337.000,3713.9346,1,08025.5152,-1,1,06,1.24,611.5,M,-32.8,M,,*56,,,,,
$GPGGA,193338.000,3713.9351,1,08025.5145,-1,1,06,1.24,611.6,M,-32.8,M,,*5A,,,,,
$GPGGA,193339.000,3713.9355,1,08025.5138,-1,1,06,1.24,611.8,M,-32.8,M,,*5B,,,,,
$GPGGA,193340.000,3713.9359,1,08025.5131,-1,1,06,1.24,612.0,M,-32.8,M,,*5B,,,,,
$GPGGA,193341.000,3713.9364,1,08025.5125,-1,1,06,1.24,612.2,M,-32.8,M,,*53,,,,,
$GPGGA,193342.000,3713.9368,1,08025.5119,-1,1,06,1.24,612.3,M,-32.8,M,,*52,,,,,
$GPGGA,193343.000,3713.9373,1,08025.5114,-1,1,06,1.24,612.5,M,-32.8,M,,*52,,,,,
$GPGGA,193344.000,3713.9378,1,08025.5109,-1,1,06,1.24,612.6,M,-32.8,M,,*51,,,,,
$GPGGA,193345.000,3713.9382,1,08025.5103,-1,1,06,1.24,612.7,M,-32.8,M,,*5+1,,,,,
$GPGGA,193346.000,3713.9386,1,08025.5098,-1,1,06,1.24,612.8,M,-32.8,M,,*55,,,,,
$GPGGA,193347.000,3713.9391,1,08025.5092,-1,1,06,1.24,612.9,M,-32.8,M,,*59,,,,,
$GPGGA,193348.000,3713.9396,1,08025.5085,-1,1,06,1.24,612.9,M,-32.8,M,,*57,,,,,
$GPGGA,193349.000,3713.9401,1,08025.5080,-1,1,06,1.24,613.0,M,-32.8,M,,*52,,,,,
$GPGGA,193350.000,3713.9405,1,08025.5074,-1,1,06,1.24,613.1,M,-32.8,M,,*54,,,,,
$GPGGA,193351.000,3713.9409,1,08025.5069,-1,1,06,1.24,613.2,M,-32.8,M,,*56,,,,,
$GPGGA,193352.000,3713.9414,1,08025.5064,-1,1,06,1.24,613.2,M,-32.8,M,,*54,,,,,
$GPGGA,193353.000,3713.9418,1,08025.5059,-1,1,06,1.24,613.2,M,-32.8,M,,*57,,,,,
$GPGGA,193354.000,3713.9423,1,08025.5053,-1,1,06,1.24,613.2,M,-32.8,M,,*52,,,,,
$GPGGA,193355.000,3713.9429,1,08025.5049,-1,1,06,1.24,613.3,M,-32.8,M,,*53,,,,,
$GPGGA,193356.000,3713.9434,1,08025.5043,-1,1,06,1.24,613.4,M,-32.8,M,,*51,,,,,
$GPGGA,193357.000,3713.9439,1,08025.5037,-1,1,06,1.24,613.6,M,-32.8,M,,*5C,,,,,
$GPGGA,193358.000,3713.9444,1,08025.5031,-1,1,06,1.24,613.7,M,-32.8,M,,*5+1,,,,,
$GPGGA,193359.000,3713.9449,1,08025.5025,-1,1,06,1.24,613.9,M,-32.8,M,,*59,,,,,
$GPGGA,193400.000,3713.9454,1,08025.5019,-1,1,06,1.24,614.0,M,-32.8,M,,*5F,,,,,
$GPGGA,193401.000,3713.9458,1,08025.5013,-1,1,06,1.24,614.1,M,-32.8,M,,*59,,,,,
$GPGGA,193402.000,3713.9461,1,08025.5006,-1,1,06,1.24,614.2,M,-32.8,M,,*57,,,,,
$GPGGA,193403.000,3713.9466,1,08025.4999,-1,1,06,1.24,614.3,M,-32.8,M,,*5+1,,,,,
$GPGGA,193404.000,3713.9471,1,08025.4992,-1,1,06,1.24,614.5,M,-32.8,M,,*52,,,,,
$GPGGA,193405.000,3713.9476,1,08025.4985,-1,1,06,1.24,614.6,M,-32.8,M,,*51,,,,,
$GPGGA,193406.000,3713.9481,1,08025.4979,-1,1,06,1.24,614.8,M,-32.8,M,,*57,,,,,
$GPGGA,193407.000,3713.9486,1,08025.4973,-1,1,06,1.24,614.9,M,-32.8,M,,*5A,,,,,
$GPGGA,193408.000,3713.9490,1,08025.4967,-1,1,06,1.24,615.0,M,-32.8,M,,*5F,,,,,
$GPGGA,193409.000,3713.9495,1,08025.4960,-1,1,06,1.24,615.1,M,-32.8,M,,*5D,,,,,
$GPGGA,193410.000,3713.9500,1,08025.4954,-1,1,06,1.24,615.2,M,-32.8,M,,*5C,,,,,
$GPGGA,193411.000,3713.9505,1,08025.4948,-1,1,06,1.24,615.3,M,-32.8,M,,*54,,,,,
$GPGGA,193412.000,3713.9510,1,08025.4942,-1,1,06,1.24,615.4,M,-32.8,M,,*5+1,,,,,
$GPGGA,193413.000,3713.9515,1,08025.4935,-1,1,06,1.24,615.4,M,-32.8,M,,*5A,,,,,
$GPGGA,193414.000,3713.9519,1,08025.4929,-1,1,06,1.24,615.5,M,-32.8,M,,*5D,,,,,
$GPGGA,193415.000,3713.9524,1,08025.4923,-1,1,06,1.24,615.5,M,-32.8,M,,*58,,,,,
$GPGGA,193416.000,3713.9528,1,08025.4916,-1,1,06,1.24,615.6,M,-32.8,M,,*52,,,,,
$GPGGA,193417.000,3713.9533,1,08025.4910,-1,1,06,1.24,615.7,M,-32.8,M,,*5+1,,,,,
$GPGGA,193418.000,3713.9537,1,08025.4903,-1,1,06,1.24,615.8,M,-32.8,M,,*58,,,,,
$GPGGA,193419.000,3713.9541,1,08025.4897,-1,1,06,1.24,615.8,M,-32.8,M,,*54,,,,,
$GPGGA,193420.000,3713.9545,1,08025.4891,-1,1,06,1.24,615.8,M,-32.8,M,,*5C,,,,,
$GPGGA,193421.000,3713.9550,1,08025.4886,-1,1,06,1.24,615.9,M,-32.8,M,,*5+1,,,,,
$GPGGA,193422.000,3713.9556,1,08025.4880,-1,1,06,1.24,615.9,M,-32.8,M,,*5D,,,,,
$GPGGA,193423.000,3713.9561,1,08025.4874,-1,1,06,1.24,616.0,M,-32.8,M,,*59,,,,,
$GPGGA,193424.000,3713.9566,1,08025.4868,-1,1,06,1.24,616.1,M,-32.8,M,,*55,,,,,
$GPGGA,193425.000,3713.9573,1,08025.4864,-1,1,06,1.24,616.1,M,-32.8,M,,*5C,,,,,
$GPGGA,193426.000,3713.9579,1,08025.4860,-1,1,06,1.24,616.1,M,-32.8,M,,*51,,,,,
$GPGGA,193427.000,3713.9586,1,08025.4857,-1,1,06,1.24,616.1,M,-32.8,M,,*54,,,,,
$GPGGA,193428.000,3713.9593,1,08025.4855,-1,1,06,1.24,616.2,M,-32.8,M,,*5+1,,,,,
$GPGGA,193429.000,3713.9601,1,08025.4853,-1,1,06,1.24,616.2,M,-32.8,M,,*51,,,,,
$GPGGA,193430.000,3713.9609,1,08025.4853,-1,1,06,1.31,616.3,M,-32.8,M,,*54,,,,,
$GPGGA,193431.000,3713.9616,1,08025.4853,-1,1,06,1.31,616.5,M,-32.8,M,,*5D,,,,,
$GPGGA,193432.000,3713.9623,1,08025.4854,-1,1,06,1.31,616.7,M,-32.8,M,,*5D,,,,,
$GPGGA,193433.000,3713.9630,1,08025.4856,-1,1,06,1.31,616.8,M,-32.8,M,,*53,,,,,
$GPGGA,193434.000,3713.9637,1,08025.4859,-1,1,06,1.24,617.0,M,-32.8,M,,*51,,,,,
$GPGGA,193435.000,3713.9643,1,08025.4863,-1,1,06,1.24,617.1,M,-32.8,M,,*5B,,,,,
$GPGGA,193436.000,3713.9649,1,08025.4868,-1,1,06,1.24,617.2,M,-32.8,M,,*5A,,,,,
$GPGGA,193437.000,3713.9655,1,08025.4873,-1,1,06,1.25,617.5,M,-32.8,M,,*5A,,,,,
$GPGGA,193438.000,3713.9661,1,08025.4878,-1,1,06,1.24,617.7,M,-32.8,M,,*5A,,,,,
$GPGGA,193439.000,3713.9667,1,08025.4883,-1,1,06,1.24,617.9,M,-32.8,M,,*57,,,,,
$GPGGA,193440.000,3713.9673,1,08025.4889,-1,1,06,1.24,618.1,M,-32.8,M,,*51,,,,,
$GPGGA,193441.000,3713.9678,1,08025.4894,-1,1,06,1.24,618.2,M,-32.8,M,,*54,,,,,
$GPGGA,193442.000,3713.9683,1,08025.4900,-1,1,06,1.25,618.4,M,-32.8,M,,*58,,,,,
$GPGGA,193443.000,3713.9688,1,08025.4906,-1,1,06,1.24,618.5,M,-32.8,M,,*54,,,,,
$GPGGA,193444.000,3713.9694,1,08025.4912,-1,1,06,1.25,618.7,M,-32.8,M,,*58,,,,,
$GPGGA,193445.000,3713.9699,1,08025.4917,-1,1,06,1.25,618.9,M,-32.8,M,,*5F,,,,,
$GPGGA,193446.000,3713.9705,1,08025.4922,-1,1,06,1.24,619.1,M,-32.8,M,,*56,,,,,
$GPGGA,193447.000,3713.9710,1,08025.4927,-1,1,06,1.25,619.3,M,-32.8,M,,*55,,,,,
$GPGGA,193448.000,3713.9716,1,08025.4933,-1,1,06,1.24,619.5,M,-32.8,M,,*5+1,,,,,
$GPGGA,193449.000,3713.9721,1,08025.4939,-1,1,06,1.24,619.7,M,-32.8,M,,*53,,,,,
$GPGGA,193450.000,3713.9727,1,08025.4946,-1,1,06,1.25,619.9,M,-32.8,M,,*5A,,,,,
$GPGGA,193451.000,3713.9732,1,08025.4952,-1,1,06,1.25,620.0,M,-32.8,M,,*59,,,,,
$GPGGA,193452.000,3713.9738,1,08025.4957,-1,1,06,1.25,620.2,M,-32.8,M,,*57,,,,,
$GPGGA,193453.000,3713.9744,1,08025.4962,-1,1,06,1.24,620.4,M,-32.8,M,,*5C,,,,,
$GPGGA,193454.000,3713.9750,1,08025.4967,-1,1,06,1.25,620.5,M,-32.8,M,,*5B,,,,,
$GPGGA,193455.000,3713.9755,1,08025.4971,-1,1,06,1.25,620.6,M,-32.8,M,,*5B,,,,,
$GPGGA,193456.000,3713.9760,1,08025.4975,-1,1,06,1.25,620.6,M,-32.8,M,,*5A,,,,,
$GPGGA,193457.000,3713.9766,1,08025.4979,-1,1,06,1.24,620.7,M,-32.8,M,,*51,,,,,
$GPGGA,193458.000,3713.9771,1,08025.4983,-1,1,06,1.25,620.8,M,-32.8,M,,*53,,,,,
$GPGGA,193459.000,3713.9777,1,08025.4988,-1,1,06,1.25,620.9,M,-32.8,M,,*5+1,,,,,
$GPGGA,193500.000,3713.9783,1,08025.4993,-1,1,06,1.25,621.0,M,-32.8,M,,*5A,,,,,
$GPGGA,193501.000,3713.9789,1,08025.4997,-1,1,06,1.25,621.2,M,-32.8,M,,*57,,,,,
$GPGGA,193502.000,3713.9795,1,08025.5001,-1,1,06,1.25,621.3,M,-32.8,M,,*5F,,,,,
$GPGGA,193503.000,3713.9801,1,08025.5004,-1,1,06,1.25,621.5,M,-32.8,M,,*5F,,,,,
$GPGGA,193504.000,3713.9806,1,08025.5007,-1,1,06,1.25,621.6,M,-32.8,M,,*5F,,,,,
$GPGGA,193505.000,3713.9811,1,08025.5009,-1,1,06,1.25,622.0,M,-32.8,M,,*53,,,,,
$GPGGA,193506.000,3713.9816,1,08025.5010,-1,1,06,1.31,622.1,M,-32.8,M,,*5B,,,,,
$GPGGA,193507.000,3713.9822,1,08025.5012,-1,1,06,1.25,622.2,M,-32.8,M,,*59,,,,,
$GPGGA,193508.000,3713.9827,1,08025.5013,-1,1,06,1.25,622.4,M,-32.8,M,,*54,,,,,
$GPGGA,193509.000,3713.9831,1,08025.5016,-1,1,06,1.25,622.5,M,-32.8,M,,*56,,,,,
$GPGGA,193510.000,3713.9836,1,08025.5018,-1,1,06,1.25,622.7,M,-32.8,M,,*55,,,,,
$GPGGA,193511.000,3713.9842,1,08025.5021,-1,1,06,1.25,622.9,M,-32.8,M,,*53,,,,,
$GPGGA,193512.000,3713.9847,1,08025.5024,-1,1,06,1.25,623.2,M,-32.8,M,,*5A,,,,,
$GPGGA,193513.000,3713.9851,1,08025.5028,-1,1,06,1.25,623.5,M,-32.8,M,,*57,,,,,
$GPGGA,193514.000,3713.9855,1,08025.5034,-1,1,06,1.25,623.6,M,-32.8,M,,*5A,,,,,
$GPGGA,193515.000,3713.9859,1,08025.5041,-1,1,06,1.25,623.8,M,-32.8,M,,*5B,,,,,
$GPGGA,193516.000,3713.9864,1,08025.5049,-1,1,06,1.25,624.0,M,-32.8,M,,*51,,,,,
$GPGGA,193517.000,3713.9867,1,08025.5056,-1,1,06,1.25,624.1,M,-32.8,M,,*5C,,,,,
$GPGGA,193518.000,3713.9871,1,08025.5063,-1,1,06,1.25,624.3,M,-32.8,M,,*50,,,,,
$GPGGA,193519.000,3713.9874,1,08025.5065,-1,1,07,1.02,624.8,M,-32.8,M,,*5D,,,,,
$GPGGA,193520.000,3713.9876,1,08025.5070,-1,1,07,1.02,625.2,M,-32.8,M,,*5A,,,,,
$GPGGA,193521.000,3713.9877,1,08025.5075,-1,1,07,1.02,625.4,M,-32.8,M,,*59,,,,,
$GPGGA,193522.000,3713.9877,1,08025.5082,-1,1,07,1.02,625.6,M,-32.8,M,,*50,,,,,
$GPGGA,193523.000,3713.9877,1,08025.5088,-1,1,07,1.02,625.8,M,-32.8,M,,*55,,,,,
$GPGGA,193524.000,3713.9879,1,08025.5094,-1,1,07,1.02,625.9,M,-32.8,M,,*50,,,,,
$GPGGA,193525.000,3713.9881,1,08025.5100,-1,1,07,1.02,626.0,M,-32.8,M,,*50,,,,,
$GPGGA,193526.000,3713.9882,1,08025.5107,-1,1,07,1.02,626.1,M,-32.8,M,,*56,,,,,
$GPGGA,193527.000,3713.9883,1,08025.5114,-1,1,07,1.02,626.2,M,-32.8,M,,*57,,,,,
$GPGGA,193528.000,3713.9883,1,08025.5120,-1,1,07,1.02,626.3,M,-32.8,M,,*5+1,,,,,
$GPGGA,193529.000,3713.9884,1,08025.5127,-1,1,07,1.02,626.3,M,-32.8,M,,*5F,,,,,
$GPGGA,193530.000,3713.9883,1,08025.5134,-1,1,07,1.02,626.4,M,-32.8,M,,*55,,,,,
$GPGGA,193531.000,3713.9881,1,08025.5139,-1,1,07,1.02,626.5,M,-32.8,M,,*5A,,,,,
$GPGGA,193532.000,3713.9879,1,08025.5145,-1,1,07,1.02,626.5,M,-32.8,M,,*55,,,,,
$GPGGA,193533.000,3713.9877,1,08025.5151,-1,1,07,1.02,626.5,M,-32.8,M,,*5F,,,,,
$GPGGA,193534.000,3713.9874,1,08025.5159,-1,1,07,1.02,626.5,M,-32.8,M,,*53,,,,,
$GPGGA,193535.000,3713.9871,1,08025.5166,-1,1,07,1.02,626.6,M,-32.8,M,,*58,,,,,
$GPGGA,193536.000,3713.9868,1,08025.5173,-1,1,07,1.02,626.6,M,-32.8,M,,*57,,,,,
$GPGGA,193537.000,3713.9864,1,08025.5181,-1,1,07,1.02,626.8,M,-32.8,M,,*59,,,,,
$GPGGA,193538.000,3713.9861,1,08025.5189,-1,1,07,1.02,626.9,M,-32.8,M,,*5A,,,,,
$GPGGA,193539.000,3713.9857,1,08025.5199,-1,1,07,1.02,627.0,M,-32.8,M,,*57,,,,,
$GPGGA,193540.000,3713.9852,1,08025.5208,-1,1,07,1.02,627.0,M,-32.8,M,,*57,,,,,
$GPGGA,193541.000,3713.9847,1,08025.5217,-1,1,07,1.02,627.1,M,-32.8,M,,*5D,,,,,
$GPGGA,193542.000,3713.9844,1,08025.5224,-1,1,07,1.02,627.2,M,-32.8,M,,*5+1,,,,,
$GPGGA,193543.000,3713.9840,1,08025.5231,-1,1,07,1.02,627.3,M,-32.8,M,,*5+1,,,,,
$GPGGA,193544.000,3713.9836,1,08025.5239,-1,1,07,1.02,627.5,M,-32.8,M,,*56,,,,,
$GPGGA,193545.000,3713.9832,1,08025.5246,-1,1,07,1.02,627.6,M,-32.8,M,,*58,,,,,
$GPGGA,193546.000,3713.9828,1,08025.5254,-1,1,07,1.02,627.7,M,-32.8,M,,*52,,,,,
$GPGGA,193547.000,3713.9824,1,08025.5261,-1,1,07,1.02,627.9,M,-32.8,M,,*57,,,,,
$GPGGA,193548.000,3713.9821,1,08025.5268,-1,1,07,1.02,628.0,M,-32.8,M,,*52,,,,,
$GPGGA,193549.000,3713.9817,1,08025.5275,-1,1,07,1.02,628.1,M,-32.8,M,,*5B,,,,,
$GPGGA,193550.000,3713.9814,1,08025.5282,-1,1,07,1.02,628.2,M,-32.8,M,,*5B,,,,,
$GPGGA,193551.000,3713.9810,1,08025.5289,-1,1,07,1.02,628.3,M,-32.8,M,,*54,,,,,
$GPGGA,193552.000,3713.9806,1,08025.5296,-1,1,07,1.02,628.4,M,-32.8,M,,*59,,,,,
$GPGGA,193553.000,3713.9802,1,08025.5304,-1,1,07,1.02,628.5,M,-32.8,M,,*57,,,,,
$GPGGA,193554.000,3713.9799,1,08025.5311,-1,1,07,1.02,628.7,M,-32.8,M,,*5B,,,,,
$GPGGA,193555.000,3713.9795,1,08025.5319,-1,1,07,1.02,628.8,M,-32.8,M,,*51,,,,,
$GPGGA,193556.000,3713.9790,1,08025.5326,-1,1,07,1.02,628.8,M,-32.8,M,,*5B,,,,,
$GPGGA,193557.000,3713.9787,1,08025.5333,-1,1,06,1.34,628.9,M,-32.8,M,,*5D,,,,,
$GPGGA,193558.000,3713.9784,1,08025.5340,-1,1,07,1.02,628.9,M,-32.8,M,,*51,,,,,
$GPGGA,193559.000,3713.9780,1,08025.5347,-1,1,07,1.02,628.7,M,-32.8,M,,*5D,,,,,
$GPGGA,193600.000,3713.9778,1,08025.5353,-1,1,07,1.02,628.7,M,-32.8,M,,*50,,,,,
$GPGGA,193601.000,3713.9773,1,08025.5360,-1,1,07,1.02,628.7,M,-32.8,M,,*5A,,,,,
$GPGGA,193602.000,3713.9770,1,08025.5367,-1,1,07,1.02,628.7,M,-32.8,M,,*5D,,,,,
$GPGGA,193603.000,3713.9768,1,08025.5373,-1,1,07,1.02,628.6,M,-32.8,M,,*51,,,,,
$GPGGA,193604.000,3713.9766,1,08025.5378,-1,1,07,1.02,628.6,M,-32.8,M,,*53,,,,,
$GPGGA,193605.000,3713.9764,1,08025.5384,-1,1,07,1.02,628.6,M,-32.8,M,,*53,,,,,
$GPGGA,193606.000,3713.9762,1,08025.5391,-1,1,07,1.02,628.7,M,-32.8,M,,*53,,,,,
$GPGGA,193607.000,3713.9759,1,08025.5398,-1,1,07,1.02,628.8,M,-32.8,M,,*5C,,,,,
$GPGGA,193608.000,3713.9755,1,08025.5405,-1,1,07,1.02,628.9,M,-32.8,M,,*5D,,,,,
$GPGGA,193609.000,3713.9751,1,08025.5412,-1,1,07,1.02,628.9,M,-32.8,M,,*5+1,,,,,
$GPGGA,193610.000,3713.9745,1,08025.5419,-1,1,07,1.02,629.0,M,-32.8,M,,*50,,,,,
$GPGGA,193611.000,3713.9742,1,08025.5425,-1,1,07,1.02,629.1,M,-32.8,M,,*58,,,,,
$GPGGA,193612.000,3713.9740,1,08025.5432,-1,1,07,1.02,629.2,M,-32.8,M,,*5C,,,,,
$GPGGA,193613.000,3713.9738,1,08025.5439,-1,1,07,1.02,629.2,M,-32.8,M,,*59,,,,,
$GPGGA,193614.000,3713.9734,1,08025.5447,-1,1,07,1.02,629.2,M,-32.8,M,,*5B,,,,,
$GPGGA,193615.000,3713.9731,1,08025.5454,-1,1,07,1.02,629.3,M,-32.8,M,,*5C,,,,,
$GPGGA,193616.000,3713.9726,1,08025.5460,-1,1,07,1.02,629.3,M,-32.8,M,,*5+1,,,,,
$GPGGA,193617.000,3713.9724,1,08025.5467,-1,1,07,1.02,629.4,M,-32.8,M,,*5D,,,,,
$GPGGA,193618.000,3713.9723,1,08025.5474,-1,1,07,1.02,629.4,M,-32.8,M,,*57,,,,,
$GPGGA,193619.000,3713.9721,1,08025.5480,-1,1,07,1.02,629.5,M,-32.8,M,,*5+1,,,,,
$GPGGA,193620.000,3713.9717,1,08025.5487,-1,1,07,1.02,629.6,M,-32.8,M,,*55,,,,,
$GPGGA,193621.000,3713.9714,1,08025.5494,-1,1,07,1.02,629.6,M,-32.8,M,,*55,,,,,
$GPGGA,193622.000,3713.9712,1,08025.5502,-1,1,07,1.02,629.7,M,-32.8,M,,*5F,,,,,
$GPGGA,193623.000,3713.9708,1,08025.5509,-1,1,07,1.02,629.8,M,-32.8,M,,*51,,,,,
$GPGGA,193624.000,3713.9702,1,08025.5516,-1,1,07,1.02,629.9,M,-32.8,M,,*53,,,,,
$GPGGA,193625.000,3713.9694,1,08025.5522,-1,1,07,1.02,629.9,M,-32.8,M,,*5B,,,,,
$GPGGA,193626.000,3713.9688,1,08025.5527,-1,1,07,1.02,630.0,M,-32.8,M,,*51,,,,,
$GPGGA,193627.000,3713.9685,1,08025.5533,-1,1,07,1.02,630.1,M,-32.8,M,,*59,,,,,
$GPGGA,193628.000,3713.9679,1,08025.5540,-1,1,07,1.02,630.2,M,-32.8,M,,*52,,,,,
$GPGGA,193629.000,3713.9676,1,08025.5546,-1,1,07,1.02,630.4,M,-32.8,M,,*5C,,,,,
$GPGGA,193630.000,3713.9672,1,08025.5552,-1,1,07,1.02,630.5,M,-32.8,M,,*54,,,,,
$GPGGA,193631.000,3713.9670,1,08025.5560,-1,1,07,1.02,630.7,M,-32.8,M,,*54,,,,,
$GPGGA,193632.000,3713.9666,1,08025.5567,-1,1,07,1.02,630.9,M,-32.8,M,,*59,,,,,
$GPGGA,193633.000,3713.9662,1,08025.5574,-1,1,07,1.02,631.1,M,-32.8,M,,*57,,,,,
$GPGGA,193634.000,3713.9659,1,08025.5582,-1,1,07,1.02,631.2,M,-32.8,M,,*52,,,,,
$GPGGA,193635.000,3713.9656,1,08025.5592,-1,1,07,1.02,631.3,M,-32.8,M,,*5C,,,,,
$GPGGA,193636.000,3713.9653,1,08025.5601,-1,1,07,1.02,631.5,M,-32.8,M,,*55,,,,,
$GPGGA,193637.000,3713.9651,1,08025.5610,-1,1,07,1.02,631.5,M,-32.8,M,,*56,,,,,
$GPGGA,193638.000,3713.9649,1,08025.5617,-1,1,07,1.02,631.6,M,-32.8,M,,*54,,,,,
$GPGGA,193639.000,3713.9646,1,08025.5624,-1,1,07,1.02,631.7,M,-32.8,M,,*5B,,,,,
$GPGGA,193640.000,3713.9644,1,08025.5632,-1,1,07,1.02,631.8,M,-32.8,M,,*5F,,,,,
$GPGGA,193641.000,3713.9640,1,08025.5641,-1,1,07,1.02,631.9,M,-32.8,M,,*5F,,,,,
$GPGGA,193642.000,3713.9638,1,08025.5649,-1,1,07,1.02,631.9,M,-32.8,M,,*5B,,,,,
$GPGGA,193643.000,3713.9633,1,08025.5658,-1,1,07,1.02,632.0,M,-32.8,M,,*5B,,,,,
$GPGGA,193644.000,3713.9628,1,08025.5667,-1,1,07,1.02,631.9,M,-32.8,M,,*50,,,,,
$GPGGA,193645.000,3713.9624,1,08025.5675,-1,1,07,1.02,632.0,M,-32.8,M,,*54,,,,,
$GPGGA,193646.000,3713.9619,1,08025.5683,-1,1,07,1.02,631.9,M,-32.8,M,,*5A,,,,,
$GPGGA,193647.000,3713.9614,1,08025.5691,-1,1,07,1.02,631.9,M,-32.8,M,,*55,,,,,
$GPGGA,193648.000,3713.9608,1,08025.5700,-1,1,07,1.02,631.7,M,-32.8,M,,*50,,,,,
$GPGGA,193649.000,3713.9603,1,08025.5708,-1,1,07,1.02,631.6,M,-32.8,M,,*53,,,,,
$GPGGA,193650.000,3713.9599,1,08025.5716,-1,1,07,1.02,631.5,M,-32.8,M,,*57,,,,,
$GPGGA,193651.000,3713.9595,1,08025.5724,-1,2,07,1.02,631.5,M,-32.8,M,0000,0000*58,,,,,
$GPGGA,193652.000,3713.9592,1,08025.5733,-1,2,07,1.02,631.5,M,-32.8,M,0000,0000*5A,,,,,
$GPGGA,193653.000,3713.9589,1,08025.5740,-1,2,07,1.02,631.5,M,-32.8,M,0000,0000*55,,,,,
$GPGGA,193654.000,3713.9587,1,08025.5749,-1,2,07,1.02,631.5,M,-32.8,M,0000,0000*55,,,,,
$GPGGA,193655.000,3713.9584,1,08025.5757,-1,2,07,1.02,631.6,M,-32.8,M,0000,0000*5B,,,,,
$GPGGA,193656.000,3713.9581,1,08025.5764,-1,2,07,1.02,631.7,M,-32.8,M,0000,0000*5C,,,,,
$GPGGA,193657.000,3713.9577,1,08025.5773,-1,2,07,1.02,631.8,M,-32.8,M,0000,0000*5D,,,,,
$GPGGA,193658.000,3713.9573,1,08025.5783,-1,2,07,1.03,631.7,M,-32.8,M,0000,0000*57,,,,,
$GPGGA,193659.000,3713.9568,1,08025.5793,-1,2,07,1.02,631.6,M,-32.8,M,0000,0000*5D,,,,,
$GPGGA,193700.000,3713.9563,1,08025.5803,-1,2,07,1.02,631.7,M,-32.8,M,0000,0000*5C,,,,,
$GPGGA,193701.000,3713.9560,1,08025.5811,-1,2,07,1.02,631.6,M,-32.8,M,0000,0000*5C,,,,,
$GPGGA,193702.000,3713.9556,1,08025.5819,-1,2,07,1.02,631.6,M,-32.8,M,0000,0000*52,,,,,
$GPGGA,193703.000,3713.9552,1,08025.5828,-1,2,07,1.02,631.6,M,-32.8,M,0000,0000*55,,,,,
$GPGGA,193704.000,3713.9549,1,08025.5836,-1,2,07,1.02,631.7,M,-32.8,M,0000,0000*56,,,,,
$GPGGA,193705.000,3713.9546,1,08025.5844,-1,2,07,1.02,631.7,M,-32.8,M,0000,0000*5D,,,,,
$GPGGA,193706.000,3713.9543,1,08025.5851,-1,2,07,1.02,631.7,M,-32.8,M,0000,0000*5F,,,,,
$GPGGA,193707.000,3713.9538,1,08025.5859,-1,2,07,1.02,631.6,M,-32.8,M,0000,0000*5B,,,,,
$GPGGA,193708.000,3713.9536,1,08025.5867,-1,2,07,1.02,631.6,M,-32.8,M,0000,0000*57,,,,,
$GPGGA,193709.000,3713.9533,1,08025.5875,-1,2,07,1.02,631.7,M,-32.8,M,0000,0000*51,,,,,
$GPGGA,193710.000,3713.9530,1,08025.5882,-1,2,07,1.02,631.8,M,-32.8,M,0000,0000*5D,,,,,
$GPGGA,193711.000,3713.9525,1,08025.5890,-1,2,07,1.02,631.7,M,-32.8,M,0000,0000*54,,,,,
$GPGGA,193712.000,3713.9522,1,08025.5897,-1,2,07,1.02,631.7,M,-32.8,M,0000,0000*57,,,,,
$GPGGA,193713.000,3713.9518,1,08025.5905,-1,2,07,1.02,631.8,M,-32.8,M,0000,0000*5A,,,,,
$GPGGA,193714.000,3713.9516,1,08025.5911,-1,2,07,1.02,631.8,M,-32.8,M,0000,0000*56,,,,,
$GPGGA,193715.000,3713.9513,1,08025.5918,-1,2,07,1.02,631.8,M,-32.8,M,0000,0000*5B,,,,,
$GPGGA,193716.000,3713.9507,1,08025.5924,-1,2,07,1.03,631.7,M,-32.8,M,0000,0000*5C,,,,,
$GPGGA,193717.000,3713.9503,1,08025.5929,-1,2,07,1.02,631.6,M,-32.8,M,0000,0000*54,,,,,
$GPGGA,193718.000,3713.9496,1,08025.5933,-1,2,07,1.02,631.5,M,-32.8,M,0000,0000*5+1,,,,,
$GPGGA,193719.000,3713.9489,1,08025.5937,-1,2,07,1.02,631.6,M,-32.8,M,0000,0000*56,,,,,
$GPGGA,193720.000,3713.9483,1,08025.5939,-1,2,07,1.02,631.6,M,-32.8,M,0000,0000*58,,,,,
$GPGGA,193721.000,3713.9477,1,08025.5937,-1,2,07,1.02,631.6,M,-32.8,M,0000,0000*5C,,,,,
$GPGGA,193722.000,3713.9470,1,08025.5935,-1,2,07,1.02,631.7,M,-32.8,M,0000,0000*5B,,,,,
$GPGGA,193723.000,3713.9464,1,08025.5932,-1,2,07,1.02,631.6,M,-32.8,M,0000,0000*59,,,,,
$GPGGA,193724.000,3713.9458,1,08025.5930,-1,2,07,1.02,631.5,M,-32.8,M,0000,0000*50,,,,,
$GPGGA,193725.000,3713.9454,1,08025.5927,-1,2,07,1.02,631.5,M,-32.8,M,0000,0000*5B,,,,,
$GPGGA,193726.000,3713.9450,1,08025.5924,-1,2,07,1.02,631.4,M,-32.8,M,0000,0000*5+1,,,,,
$GPGGA,193727.000,3713.9446,1,08025.5920,-1,2,07,1.03,631.4,M,-32.8,M,0000,0000*5D,,,,,
$GPGGA,193728.000,3713.9442,1,08025.5915,-1,2,07,1.02,631.4,M,-32.8,M,0000,0000*51,,,,,
$GPGGA,193729.000,3713.9438,1,08025.5910,-1,2,07,1.02,631.5,M,-32.8,M,0000,0000*59,,,,,
$GPGGA,193730.000,3713.9433,1,08025.5904,-1,2,07,1.02,631.5,M,-32.8,M,0000,0000*5F,,,,,
$GPGGA,193731.000,3713.9427,1,08025.5897,-1,2,07,1.02,631.6,M,-32.8,M,0000,0000*53,,,,,
$GPGGA,193732.000,3713.9422,1,08025.5892,-1,2,07,1.03,631.7,M,-32.8,M,0000,0000*50,,,,,
$GPGGA,193733.000,3713.9417,1,08025.5886,-1,2,07,1.02,631.8,M,-32.8,M,0000,0000*5C,,,,,
$GPGGA,193734.000,3713.9412,1,08025.5880,-1,2,07,1.02,631.9,M,-32.8,M,0000,0000*59,,,,,
$GPGGA,193735.000,3713.9407,1,08025.5874,-1,2,07,1.03,632.0,M,-32.8,M,0000,0000*5C,,,,,
$GPGGA,193736.000,3713.9403,1,08025.5867,-1,2,07,1.03,632.1,M,-32.8,M,0000,0000*58,,,,,
$GPGGA,193737.000,3713.9398,1,08025.5860,-1,2,07,1.03,632.1,M,-32.8,M,0000,0000*5B,,,,,
$GPGGA,193738.000,3713.9394,1,08025.5853,-1,2,07,1.03,632.2,M,-32.8,M,0000,0000*5B,,,,,
$GPGGA,193739.000,3713.9389,1,08025.5846,-1,2,07,1.02,632.3,M,-32.8,M,0000,0000*52,,,,,
$GPGGA,193740.000,3713.9385,1,08025.5840,-1,2,07,1.02,632.4,M,-32.8,M,0000,0000*51,,,,,
$GPGGA,193741.000,3713.9380,1,08025.5833,-1,2,07,1.03,632.6,M,-32.8,M,0000,0000*52,,,,,
$GPGGA,193742.000,3713.9375,1,08025.5826,-1,2,07,1.02,632.9,M,-32.8,M,0000,0000*51,,,,,
$GPGGA,193743.000,3713.9370,1,08025.5819,-1,2,07,1.03,633.2,M,-32.8,M,0000,0000*52,,,,,
$GPGGA,193744.000,3713.9365,1,08025.5813,-1,2,07,1.02,633.4,M,-32.8,M,0000,0000*5C,,,,,
$GPGGA,193745.000,3713.9359,1,08025.5808,-1,2,07,1.03,633.6,M,-32.8,M,0000,0000*5B,,,,,
$GPGGA,193746.000,3713.9352,1,08025.5804,-1,2,07,1.03,633.7,M,-32.8,M,0000,0000*5+1,,,,,
$GPGGA,193747.000,3713.9346,1,08025.5800,-1,2,07,1.02,633.9,M,-32.8,M,0000,0000*51,,,,,
$GPGGA,193748.000,3713.9342,1,08025.5796,-1,2,07,1.02,634.0,M,-32.8,M,0000,0000*54,,,,,
$GPGGA,193749.000,3713.9337,1,08025.5791,-1,2,07,1.03,634.1,M,-32.8,M,0000,0000*50,,,,,
$GPGGA,193750.000,3713.9332,1,08025.5787,-1,2,07,1.02,634.1,M,-32.8,M,0000,0000*5B,,,,,
$GPGGA,193751.000,3713.9328,1,08025.5782,-1,2,07,1.02,634.1,M,-32.8,M,0000,0000*54,,,,,
$GPGGA,193752.000,3713.9322,1,08025.5777,-1,2,07,1.03,634.2,M,-32.8,M,0000,0000*55,,,,,
$GPGGA,193753.000,3713.9317,1,08025.5773,-1,2,07,1.02,634.2,M,-32.8,M,0000,0000*57,,,,,
$GPGGA,193754.000,3713.9313,1,08025.5768,-1,2,07,1.03,634.3,M,-32.8,M,0000,0000*5+1,,,,,
$GPGGA,193755.000,3713.9307,1,08025.5762,-1,2,07,1.03,634.4,M,-32.8,M,0000,0000*57,,,,,
$GPGGA,193756.000,3713.9300,1,08025.5756,-1,2,07,1.03,634.5,M,-32.8,M,0000,0000*55,,,,,
$GPGGA,193757.000,3713.9293,1,08025.5750,-1,2,07,1.03,634.6,M,-32.8,M,0000,0000*5A,,,,,
$GPGGA,193758.000,3713.9287,1,08025.5746,-1,2,07,1.02,634.6,M,-32.8,M,0000,0000*56,,,,,
$GPGGA,193759.000,3713.9280,1,08025.5741,-1,2,07,1.03,634.7,M,-32.8,M,0000,0000*57,,,,,
$GPGGA,193800.000,3713.9275,1,08025.5736,-1,2,07,1.03,634.8,M,-32.8,M,0000,0000*51,,,,,
$GPGGA,193801.000,3713.9270,1,08025.5730,-1,2,07,1.03,635.0,M,-32.8,M,0000,0000*5A,,,,,
$GPGGA,193802.000,3713.9265,1,08025.5724,-1,2,07,1.03,635.0,M,-32.8,M,0000,0000*58,,,,,
$GPGGA,193803.000,3713.9260,1,08025.5718,-1,2,07,1.03,635.1,M,-32.8,M,0000,0000*52,,,,,
$GPGGA,193804.000,3713.9254,1,08025.5713,-1,2,07,1.03,635.2,M,-32.8,M,0000,0000*5A,,,,,
$GPGGA,193805.000,3713.9250,1,08025.5709,-1,2,07,1.02,635.3,M,-32.8,M,0000,0000*54,,,,,
$GPGGA,193806.000,3713.9245,1,08025.5706,-1,2,07,1.03,635.3,M,-32.8,M,0000,0000*5D,,,,,
$GPGGA,193807.000,3713.9240,1,08025.5701,-1,2,07,1.03,635.4,M,-32.8,M,0000,0000*59,,,,,
$GPGGA,193808.000,3713.9234,1,08025.5698,-1,2,07,1.03,635.5,M,-32.8,M,0000,0000*55,,,,,
$GPGGA,193809.000,3713.9229,1,08025.5696,-1,2,07,1.03,635.6,M,-32.8,M,0000,0000*55,,,,,
$GPGGA,193810.000,3713.9223,1,08025.5695,-1,2,07,1.02,635.6,M,-32.8,M,0000,0000*55,,,,,
$GPGGA,193811.000,3713.9217,1,08025.5695,-1,2,07,1.03,635.6,M,-32.8,M,0000,0000*52,,,,,
$GPGGA,193812.000,3713.9209,1,08025.5696,-1,2,07,1.03,635.5,M,-32.8,M,0000,0000*5+1,,,,,
$GPGGA,193813.000,3713.9203,1,08025.5697,-1,2,07,1.03,635.4,M,-32.8,M,0000,0000*55,,,,,
$GPGGA,193814.000,3713.9196,1,08025.5697,-1,2,07,1.03,635.3,M,-32.8,M,0000,0000*5A,,,,,
$GPGGA,193815.000,3713.9190,1,08025.5696,-1,2,07,1.03,635.1,M,-32.8,M,0000,0000*5+1,,,,,
$GPGGA,193816.000,3713.9183,1,08025.5694,-1,2,07,1.03,635.0,M,-32.8,M,0000,0000*5C,,,,,
$GPGGA,193817.000,3713.9176,1,08025.5692,-1,2,07,1.03,634.9,M,-32.8,M,0000,0000*59,,,,,
$GPGGA,193818.000,3713.9169,1,08025.5691,-1,2,07,1.03,634.8,M,-32.8,M,0000,0000*5A,,,,,
$GPGGA,193819.000,3713.9163,1,08025.5689,-1,2,07,1.03,634.7,M,-32.8,M,0000,0000*57,,,,,
$GPGGA,193820.000,3713.9157,1,08025.5686,-1,2,07,1.03,634.6,M,-32.8,M,0000,0000*54,,,,,
$GPGGA,193821.000,3713.9153,1,08025.5684,-1,2,07,1.03,634.5,M,-32.8,M,0000,0000*50,,,,,
$GPGGA,193822.000,3713.9150,1,08025.5682,-1,2,07,1.03,634.3,M,-32.8,M,0000,0000*50,,,,,
$GPGGA,193823.000,3713.9148,1,08025.5678,-1,2,07,1.03,634.2,M,-32.8,M,0000,0000*5C,,,,,
$GPGGA,193824.000,3713.9147,1,08025.5672,-1,2,07,1.03,634.0,M,-32.8,M,0000,0000*5C,,,,,
$GPGGA,193825.000,3713.9145,1,08025.5663,-1,2,07,1.03,633.9,M,-32.8,M,0000,0000*51,,,,,
$GPGGA,193826.000,3713.9143,1,08025.5656,-1,2,07,1.03,633.8,M,-32.8,M,0000,0000*53,,,,,
$GPGGA,193827.000,3713.9141,1,08025.5648,-1,2,07,1.03,633.8,M,-32.8,M,0000,0000*5F,,,,,
$GPGGA,193828.000,3713.9139,1,08025.5641,-1,2,07,1.03,633.7,M,-32.8,M,0000,0000*59,,,,,
$GPGGA,193829.000,3713.9135,1,08025.5634,-1,2,07,1.03,633.6,M,-32.8,M,0000,0000*57,,,,,
$GPGGA,193830.000,3713.9132,1,08025.5629,-1,2,07,1.03,633.6,M,-32.8,M,0000,0000*54,,,,,
$GPGGA,193831.000,3713.9129,1,08025.5624,-1,2,07,1.03,633.5,M,-32.8,M,0000,0000*51,,,,,
$GPGGA,193832.000,3713.9125,1,08025.5618,-1,2,07,1.03,633.5,M,-32.8,M,0000,0000*51,,,,,
$GPGGA,193833.000,3713.9121,1,08025.5612,-1,2,07,1.03,633.5,M,-32.8,M,0000,0000*5+1,,,,,
$GPGGA,193834.000,3713.9115,1,08025.5606,-1,2,07,1.03,633.5,M,-32.8,M,0000,0000*5B,,,,,
$GPGGA,193835.000,3713.9109,1,08025.5599,-1,2,07,1.03,633.3,M,-32.8,M,0000,0000*54,,,,,
$GPGGA,193836.000,3713.9103,1,08025.5595,-1,2,07,1.03,633.3,M,-32.8,M,0000,0000*51,,,,,
$GPGGA,193837.000,3713.9097,1,08025.5589,-1,2,07,1.03,633.3,M,-32.8,M,0000,0000*51,,,,,
$GPGGA,193838.000,3713.9090,1,08025.5584,-1,2,07,1.03,633.3,M,-32.8,M,0000,0000*54,,,,,
$GPGGA,193839.000,3713.9084,1,08025.5577,-1,2,07,1.03,633.3,M,-32.8,M,0000,0000*5C,,,,,
$GPGGA,193840.000,3713.9079,1,08025.5571,-1,2,07,1.03,633.2,M,-32.8,M,0000,0000*57,,,,,
$GPGGA,193841.000,3713.9073,1,08025.5566,-1,2,07,1.03,633.4,M,-32.8,M,0000,0000*5C,,,,,
$GPGGA,193842.000,3713.9067,1,08025.5561,-1,2,07,1.03,633.4,M,-32.8,M,0000,0000*5D,,,,,
$GPGGA,193843.000,3713.9062,1,08025.5554,-1,2,07,1.03,633.4,M,-32.8,M,0000,0000*5F,,,,,
$GPGGA,193844.000,3713.9058,1,08025.5547,-1,2,07,1.03,633.4,M,-32.8,M,0000,0000*53,,,,,
$GPGGA,193845.000,3713.9054,1,08025.5540,-1,2,07,1.03,633.4,M,-32.8,M,0000,0000*59,,,,,
$GPGGA,193846.000,3713.9046,1,08025.5535,-1,2,07,1.03,633.6,M,-32.8,M,0000,0000*59,,,,,
$GPGGA,193847.000,3713.9041,1,08025.5529,-1,2,07,1.03,633.7,M,-32.8,M,0000,0000*53,,,,,
$GPGGA,193848.000,3713.9037,1,08025.5523,-1,2,07,1.03,633.7,M,-32.8,M,0000,0000*57,,,,,
$GPGGA,193849.000,3713.9036,1,08025.5520,-1,2,07,1.03,633.8,M,-32.8,M,0000,0000*5B,,,,,
$GPGGA,193850.000,3713.9034,1,08025.5519,-1,2,07,1.03,633.9,M,-32.8,M,0000,0000*5A,,,,,
$GPGGA,193851.000,3713.9034,1,08025.5517,-1,2,07,1.03,634.0,M,-32.8,M,0000,0000*5B,,,,,
$GPGGA,193852.000,3713.9036,1,08025.5514,-1,2,07,1.03,634.1,M,-32.8,M,0000,0000*58,,,,,
$GPGGA,193853.000,3713.9040,1,08025.5510,-1,2,07,1.03,634.2,M,-32.8,M,0000,0000*5F,,,,,
$GPGGA,193854.000,3713.9044,1,08025.5505,-1,2,07,1.03,634.4,M,-32.8,M,0000,0000*5+1,,,,,
$GPGGA,193855.000,3713.9049,1,08025.5500,-1,2,07,1.03,634.5,M,-32.8,M,0000,0000*56,,,,,
$GPGGA,193856.000,3713.9054,1,08025.5494,-1,2,07,1.03,634.6,M,-32.8,M,0000,0000*56,,,,,
$GPGGA,193857.000,3713.9059,1,08025.5487,-1,2,07,1.03,634.7,M,-32.8,M,0000,0000*59,,,,,
$GPGGA,193858.000,3713.9065,1,08025.5480,-1,2,07,1.03,634.8,M,-32.8,M,0000,0000*51,,,,,
$GPGGA,193859.000,3713.9069,1,08025.5474,-1,2,07,1.03,634.9,M,-32.8,M,0000,0000*56,,,,,
$GPGGA,193900.000,3713.9075,1,08025.5466,-1,2,07,1.03,634.9,M,-32.8,M,0000,0000*55,,,,,
$GPGGA,193901.000,3713.9082,1,08025.5458,-1,2,07,1.03,635.0,M,-32.8,M,0000,0000*59,,,,,
$GPGGA,193902.000,3713.9087,1,08025.5451,-1,2,07,1.03,635.1,M,-32.8,M,0000,0000*57,,,,,
$GPGGA,193903.000,3713.9091,1,08025.5445,-1,2,07,1.03,635.1,M,-32.8,M,0000,0000*54,,,,,
$GPGGA,193904.000,3713.9096,1,08025.5439,-1,2,07,1.03,635.1,M,-32.8,M,0000,0000*5F,,,,,
$GPGGA,193905.000,3713.9101,1,08025.5432,-1,2,07,1.03,635.1,M,-32.8,M,0000,0000*5A,,,,,
$GPGGA,193906.000,3713.9106,1,08025.5425,-1,2,07,1.03,635.1,M,-32.8,M,0000,0000*58,,,,,
$GPGGA,193907.000,3713.9111,1,08025.5419,-1,2,07,1.03,635.2,M,-32.8,M,0000,0000*53,,,,,
$GPGGA,193908.000,3713.9117,1,08025.5412,-1,2,07,1.03,635.2,M,-32.8,M,0000,0000*51,,,,,
$GPGGA,193909.000,3713.9122,1,08025.5405,-1,2,06,1.09,635.2,M,-32.8,M,0000,0000*5B,,,,,
$GPGGA,193910.000,3713.9128,1,08025.5399,-1,2,06,1.09,635.3,M,-32.8,M,0000,0000*5A,,,,,
$GPGGA,193911.000,3713.9134,1,08025.5392,-1,2,06,1.09,635.3,M,-32.8,M,0000,0000*5D,,,,,
$GPGGA,193912.000,3713.9139,1,08025.5384,-1,2,07,1.03,635.3,M,-32.8,M,0000,0000*5F,,,,,
$GPGGA,193913.000,3713.9145,1,08025.5377,-1,2,07,1.03,635.3,M,-32.8,M,0000,0000*59,,,,,
$GPGGA,193914.000,3713.9150,1,08025.5372,-1,2,07,1.03,635.4,M,-32.8,M,0000,0000*58,,,,,
$GPGGA,193915.000,3713.9155,1,08025.5365,-1,2,07,1.03,635.4,M,-32.8,M,0000,0000*5A,,,,,
$GPGGA,193916.000,3713.9161,1,08025.5358,-1,2,07,1.03,635.4,M,-32.8,M,0000,0000*50,,,,,
$GPGGA,193917.000,3713.9166,1,08025.5351,-1,2,07,1.03,635.4,M,-32.8,M,0000,0000*5F,,,,,
$GPGGA,193918.000,3713.9171,1,08025.5343,-1,2,06,1.09,635.5,M,-32.8,M,0000,0000*5F,,,,,
$GPGGA,193919.000,3713.9176,1,08025.5336,-1,2,06,1.09,635.5,M,-32.8,M,0000,0000*5B,,,,,
$GPGGA,193920.000,3713.9182,1,08025.5329,-1,2,06,1.09,635.5,M,-32.8,M,0000,0000*54,,,,,
$GPGGA,193921.000,3713.9188,1,08025.5323,-1,2,06,1.09,635.5,M,-32.8,M,0000,0000*55,,,,,
$GPGGA,193922.000,3713.9193,1,08025.5318,-1,2,06,1.09,635.5,M,-32.8,M,0000,0000*54,,,,,
$GPGGA,193923.000,3713.9198,1,08025.5312,-1,2,06,1.09,635.5,M,-32.8,M,0000,0000*54,,,,,
$GPGGA,193924.000,3713.9203,1,08025.5306,-1,2,07,1.03,635.5,M,-32.8,M,0000,0000*5C,,,,,
$GPGGA,193925.000,3713.9207,1,08025.5300,-1,2,07,1.03,635.5,M,-32.8,M,0000,0000*5F,,,,,
$GPGGA,193926.000,3713.9210,1,08025.5294,-1,2,07,1.03,635.5,M,-32.8,M,0000,0000*56,,,,,
$GPGGA,193927.000,3713.9216,1,08025.5290,-1,2,07,1.03,635.5,M,-32.8,M,0000,0000*55,,,,,
$GPGGA,193928.000,3713.9221,1,08025.5286,-1,2,07,1.03,635.5,M,-32.8,M,0000,0000*59,,,,,
$GPGGA,193929.000,3713.9227,1,08025.5281,-1,2,07,1.03,635.5,M,-32.8,M,0000,0000*59,,,,,
$GPGGA,193930.000,3713.9232,1,08025.5275,-1,2,07,1.03,635.5,M,-32.8,M,0000,0000*5+1,,,,,
$GPGGA,193931.000,3713.9234,1,08025.5267,-1,2,07,1.03,635.5,M,-32.8,M,0000,0000*5A,,,,,
$GPGGA,193932.000,3713.9239,1,08025.5264,-1,2,07,1.03,635.5,M,-32.8,M,0000,0000*57,,,,,
$GPGGA,193933.000,3713.9246,1,08025.5262,-1,2,07,1.03,635.5,M,-32.8,M,0000,0000*58,,,,,
$GPGGA,193934.000,3713.9250,1,08025.5260,-1,2,07,1.03,635.5,M,-32.8,M,0000,0000*5A,,,,,
$GPGGA,193935.000,3713.9254,1,08025.5259,-1,2,07,1.03,635.5,M,-32.8,M,0000,0000*55,,,,,
$GPGGA,193936.000,3713.9258,1,08025.5261,-1,2,07,1.03,635.5,M,-32.8,M,0000,0000*51,,,,,
$GPGGA,193937.000,3713.9262,1,08025.5267,-1,2,07,1.03,635.5,M,-32.8,M,0000,0000*5F,,,,,
$GPGGA,193938.000,3713.9265,1,08025.5274,-1,2,07,1.04,635.5,M,-32.8,M,0000,0000*52,,,,,
$GPGGA,193939.000,3713.9267,1,08025.5280,-1,2,07,1.03,635.6,M,-32.8,M,0000,0000*5+1,,,,,
$GPGGA,193940.000,3713.9270,1,08025.5286,-1,2,07,1.03,635.6,M,-32.8,M,0000,0000*50,,,,,
$GPGGA,193941.000,3713.9273,1,08025.5291,-1,2,07,1.03,635.6,M,-32.8,M,0000,0000*54,,,,,
$GPGGA,193942.000,3713.9275,1,08025.5294,-1,2,07,1.03,635.6,M,-32.8,M,0000,0000*54,,,,,
$GPGGA,193943.000,3713.9276,1,08025.5294,-1,2,07,1.03,635.6,M,-32.8,M,0000,0000*56,,,,,
$GPGGA,193944.000,3713.9278,1,08025.5292,-1,2,07,1.03,635.6,M,-32.8,M,0000,0000*59,,,,,
$GPGGA,193945.000,3713.9280,1,08025.5288,-1,2,07,1.04,635.6,M,-32.8,M,0000,0000*53,,,,,
$GPGGA,193946.000,3713.9283,1,08025.5285,-1,2,07,1.03,635.7,M,-32.8,M,0000,0000*58,,,,,
$GPGGA,193947.000,3713.9285,1,08025.5282,-1,2,07,1.03,635.8,M,-32.8,M,0000,0000*57,,,,,
$GPGGA,193948.000,3713.9285,1,08025.5281,-1,2,07,1.03,635.7,M,-32.8,M,0000,0000*54,,,,,
$GPGGA,193949.000,3713.9286,1,08025.5279,-1,2,07,1.03,635.7,M,-32.8,M,0000,0000*51,,,,,
$GPGGA,193950.000,3713.9285,1,08025.5275,-1,2,07,1.03,635.7,M,-32.8,M,0000,0000*56,,,,,
$GPGGA,193951.000,3713.9285,1,08025.5273,-1,2,07,1.03,635.7,M,-32.8,M,0000,0000*51,,,,,
$GPGGA,193952.000,3713.9285,1,08025.5271,-1,2,07,1.03,635.6,M,-32.8,M,0000,0000*51,,,,,
$GPGGA,193953.000,3713.9282,1,08025.5273,-1,2,07,1.03,635.4,M,-32.8,M,0000,0000*57,,,,,
$GPGGA,193954.000,3713.9280,1,08025.5272,-1,2,07,1.03,635.2,M,-32.8,M,0000,0000*55,,,,,
$GPGGA,193955.000,3713.9279,1,08025.5272,-1,2,07,1.03,635.1,M,-32.8,M,0000,0000*51,,,,,
$GPGGA,193956.000,3713.9277,1,08025.5272,-1,2,07,1.03,635.0,M,-32.8,M,0000,0000*5D,,,,,
$GPGGA,193957.000,3713.9275,1,08025.5270,-1,2,07,1.03,635.0,M,-32.8,M,0000,0000*5C,,,,,
$GPGGA,193958.000,3713.9274,1,08025.5269,-1,2,07,1.03,634.9,M,-32.8,M,0000,0000*52,,,,,
$GPGGA,193959.000,3713.9273,1,08025.5270,-1,2,07,1.03,634.9,M,-32.8,M,0000,0000*5C,,,,,
$GPGGA,194000.000,3713.9272,1,08025.5270,-1,2,07,1.03,634.9,M,-32.8,M,0000,0000*5F,,,,,
$GPGGA,194001.000,3713.9271,1,08025.5270,-1,2,07,1.03,634.9,M,-32.8,M,0000,0000*5D,,,,,
$GPGGA,194002.000,3713.9269,1,08025.5268,-1,2,07,1.03,634.9,M,-32.8,M,0000,0000*5+1,,,,,
